-9.76672396e-02
-1.27345696e-01
3.14910188e-02
-2.70641576e-02
1.21878684e-01
2.09937543e-01
-1.35915697e-01
1.06115349e-01
-8.37956890e-02
-1.34954482e-01
1.96944829e-02
1.42677501e-02
1.66446373e-01
1.89049721e-01
7.74593726e-02
7.02131763e-02
3.04195322e-02
-7.34891742e-02
1.04662746e-01
5.58418669e-02
7.70455971e-02
3.97673361e-02
6.94971830e-02
9.15299803e-02
8.65191668e-02
-1.23936564e-01
3.42311710e-02
-5.52359708e-02
-3.80033674e-03
4.13032658e-02
-1.01225927e-01
-1.01011194e-01
1.74027637e-01
3.63176279e-02
-6.76224828e-02
1.89436480e-01
-5.67016639e-02
7.96035528e-02
-9.40507501e-02
-9.20879990e-02
6.13301881e-02
-7.19411001e-02
6.44891113e-02
2.02646554e-01
-4.23079692e-02
-9.82173160e-02
1.91533849e-01
1.88443899e-01
-1.84924416e-02
1.08941734e-01
-1.64147303e-01
1.91110849e-01
1.72360227e-01
-2.51170769e-02
1.06935263e-01
9.99768078e-03
1.04030464e-02
4.29312512e-02
-4.74125184e-02
-2.96662487e-02
-1.09619141e-01
1.14388876e-01
1.84597820e-01
-4.18996811e-02
